   971.6   1595.8 
  1721.7   1057.5 
   142.2   1368.4 
   409.7   1718.4 
   562.5    639.6 
  1672.9   1314.7 
  1805.4    497.0 
   473.6   1221.2 
  1387.4   1913.7 
  1991.9   1853.6 
  1503.7   2129.5 
  1762.8   1686.4 
   116.7    257.9 
  1872.5   1979.1 
  1152.2   1450.9 
   445.5   2061.5 
  1453.6    353.3 
   647.8    571.3 
   805.9   1917.6 
    45.4   1395.4 
   981.6   1176.0 
   841.0    584.2 
  1257.1    707.4 
  1376.8   1681.2 
   410.0   2009.8 
    90.8   1964.8 
  2012.8   1504.9 
  1961.4    285.1 
  1253.2    421.6 
  1533.6   1238.2 
  2144.8     92.2 
  1413.7    882.3 
  1694.9    877.7 
   525.9   1558.0 
   936.0   1016.9 
   554.3    397.4 
  2066.4    133.6 
  1354.9   1723.3 
   297.4   1514.4 
  1590.4    592.6 
  2144.5    733.4 
     3.4   1727.7 
   251.8   1539.9 
   899.1     15.0 
   424.2   1441.3 
  1972.0   1262.5 
   544.8    536.0 
   356.5    136.9 
  2089.2   1656.4 
  1003.6    538.5 
  1098.0    420.7 
  1190.0    343.1 
  1983.7   1987.9 
   132.9   1852.3 
  1517.4    857.0 
   589.3    416.8 
   481.6    611.0 
   828.6    236.8 
  1115.6   1605.2 
   190.5   1309.2 
   896.5   1436.0 
   906.0    407.9 
   594.2    847.5 
  1280.8   1550.7 
   558.4    582.9 
  1496.0    754.9 
   584.5   1349.6 
   210.1    131.4 
   470.5   1423.4 
  1263.0   1100.6 
   375.4   2125.7 
  1735.7    244.8 
  1642.9   1370.9 
    46.3   1953.8 
   708.7    902.0 
   403.2    488.7 
   841.7     58.5 
  1274.6   1191.0 
   289.1    697.9 
    54.7   1951.0 
  2145.9    146.4 
   544.8    453.1 
   879.1    934.2 
  1015.9   1517.4 
  1048.0   1284.8 
  1512.4    130.6 
   482.9    364.8 
   198.5   1836.5 
   662.2   1291.8 
  1550.6    220.0 
    60.3    344.7 
  1361.6   1798.2 
  1916.9    576.7 
  1136.3    485.6 
   699.4   2055.7 
  1406.2   1692.9 
  1414.8   1758.1 
  1584.7   1509.2 
  2033.7   1878.6 
